   0.00000256  0.00000002  0.99927002  0.00057223]
 [ 0.00021477  0.99976951  0.00000037  0.00000001  0.00000407  0.
   0.00000322  0.00000006  0.00000743  0.0000007 ]
 [ 0.          0.00000068  0.99999905  0.00000021  0.          0.          0.
   0.00000001  0.          0.        ]
 [ 0.00000006  0.0000095   0.00072591  0.99879646  0.          0.          0.
   0.00000002  0.00037046  0.00009768]
 [ 0.00000031  0.99668956  0.00016333  0.00004794  0.00040575  0.00000014
   0.00001058  0.00008284  0.00253359  0.00006585]
 [ 0.          0.00000004  0.00000001  0.00000001  0.99999011  0.
   0.00000169  0.00000065  0.00000046  0.00000705]
 [ 0.00000001  0.          0.          0.00000183  0.          0.99996364
   0.00000454  0.          0.00001447  0.00001564]
 [ 0.99975497  0.00000085  0.00017232  0.00000001  0.00000017  0.00000001
   0.00001799  0.0000472   0.00000395  0.0000026 ]
 [ 0.0079983   0.00191675  0.96302432  0.01754254  0.00000652  0.00000138
   0.00006772  0.00019466  0.00923527  0.00001243]
 [ 0.00130767  0.03682276  0.00121603  0.0030137   0.0011072   0.00049659
   0.00066495  0.00002035  0.95516622  0.00018448]
 [ 0.00000001  0.00000162  0.00003072  0.          0.99996769  0.          0.
   0.          0.          0.00000001]
 [ 0.00000003  0.9991405   0.00000147  0.00000758  0.00067712  0.
   0.00000006  0.00001038  0.00008745  0.00007542]
 [ 0.          0.00019446  0.99857187  0.00122661  0.          0.          0.
   0.00000006  0.00000697  0.        ]
 [ 0.99997044  0.00000003  0.00001845  0.00000003  0.00000001  0.00000122
   0.00000661  0.0000001   0.00000317  0.00000005]
 [ 0.00033785  0.00165811  0.11589436  0.00004133  0.00000055  0.00002597
   0.00005905  0.00000731  0.88197434  0.00000112]
 [ 0.00006407  0.00008585  0.00000671  0.00000398  0.00000112  0.00082844
   0.99667054  0.00000002  0.00233919  0.00000009]
 [ 0.00000819  0.00000015  0.99993837  0.00000247  0.0000157   0.00000019
   0.00000008  0.00000019  0.00002566  0.00000877]] (1.100 sec)
INFO:tensorflow:Saving checkpoints for 140000 into /tmp/mnist_convnet_model\model.ckpt.
INFO:tensorflow:Loss for final step: 0.0874847.
INFO:tensorflow:Starting evaluation at 2017-10-18-23:15:52
INFO:tensorflow:Restoring parameters from /tmp/mnist_convnet_model\model.ckpt-140000
INFO:tensorflow:Finished evaluation at 2017-10-18-23:15:54
INFO:tensorflow:Saving dict for global step 140000: accuracy = 0.9861, global_step = 140000, loss = 0.0391572
{'accuracy': 0.98610002, 'loss': 0.039157175, 'global_step': 140000}